*---------------------------------------------------------*
*   Station: Gainesville,Florida,USA
*   Country: unknown
*      Year: 1982
*
* Longitude:-82.370
*  Latitude: 29.630
* Elevation: 10 m.
*
*    Source: AgMIP database
*    Author: AgMIP translator
*  Comments: automatic generated input file.
*
*  Columns:
*  ========
*  station number
*  year
*  day
*  irradiation (kJ m-2 d-1)
*  minimum temperature (degrees Celsius)
*  maximum temperature (degrees Celsius)
*  vapour pressure (kPa)
*  mean wind speed (m s-1)
*  precipitation (mm d-1)
** WCCDESCRIPTION=Gainesville,Florida,USA
** WCCFORMAT=2
** WCCYEARNR=1982
*---------------------------------------------------------*
   -82.370 29.630 10 0.00 0.00
   1 1982   1   5900.0  15.6  24.4   -99.9 -99.9  19.0
   1 1982   2   7000.0  15.0  22.2   -99.9 -99.9   0.0
   1 1982   3   9000.0  17.2  27.8   -99.9 -99.9   0.0
   1 1982   4   3100.0  15.0  26.1   -99.9 -99.9   9.4
   1 1982   5  12900.0   2.2  17.2   -99.9 -99.9   0.0
   1 1982   6  11400.0   4.4  25.0   -99.9 -99.9   0.0
   1 1982   7   8500.0  11.7  26.7   -99.9 -99.9   0.0
   1 1982   8   3000.0  14.4  22.8   -99.9 -99.9   5.3
   1 1982   9  14400.0   8.9  16.7   -99.9 -99.9   0.0
   1 1982  10  12000.0   1.1  14.4   -99.9 -99.9   0.0
   1 1982  11  15000.0  -6.7  14.4   -99.9 -99.9   0.0
   1 1982  12  10800.0  -7.8  10.0   -99.9 -99.9   0.0
   1 1982  13   4800.0   3.9  20.0   -99.9 -99.9  19.8
   1 1982  14   6200.0   6.1  18.9   -99.9 -99.9  81.0
   1 1982  15  14400.0  -3.3  12.2   -99.9 -99.9   0.0
   1 1982  16  12600.0  -1.7  19.4   -99.9 -99.9   0.0
   1 1982  17  14600.0   5.6  19.4   -99.9 -99.9   2.8
   1 1982  18  11200.0   1.1  20.6   -99.9 -99.9   0.0
   1 1982  19  13300.0   8.9  25.6   -99.9 -99.9   0.0
   1 1982  20  13400.0   8.3  27.8   -99.9 -99.9   0.0
   1 1982  21  11600.0  10.0  27.8   -99.9 -99.9   0.0
   1 1982  22  10700.0  12.2  25.6   -99.9 -99.9   0.0
   1 1982  23  10100.0  14.4  26.1   -99.9 -99.9   0.0
   1 1982  24  12900.0  10.0  23.9   -99.9 -99.9   0.0
   1 1982  25  14100.0   0.0  21.1   -99.9 -99.9   0.0
   1 1982  26  14200.0   4.4  20.0   -99.9 -99.9   0.0
   1 1982  27  13900.0  -1.1  15.6   -99.9 -99.9   0.0
   1 1982  28  13800.0   2.2  21.7   -99.9 -99.9   0.0
   1 1982  29  13300.0   3.3  22.2   -99.9 -99.9   0.0
   1 1982  30  12500.0   8.9  25.6   -99.9 -99.9   0.0
   1 1982  31  12600.0  13.3  28.9   -99.9 -99.9   0.0
   1 1982  32  14000.0  12.2  26.1   -99.9 -99.9   0.3
   1 1982  33   7600.0  12.8  26.7   -99.9 -99.9   2.0
   1 1982  34   3300.0  15.6  27.2   -99.9 -99.9  25.9
   1 1982  35  12500.0  14.4  24.4   -99.9 -99.9   1.0
   1 1982  36   8500.0  14.4  27.8   -99.9 -99.9   0.0
   1 1982  37   6300.0  17.2  26.7   -99.9 -99.9   0.0
   1 1982  38   8000.0  10.6  26.7   -99.9 -99.9   0.0
   1 1982  39  12500.0  10.0  25.0   -99.9 -99.9   0.0
   1 1982  40   7900.0  16.1  26.7   -99.9 -99.9   0.0
   1 1982  41   4000.0  14.4  25.6   -99.9 -99.9   0.8
   1 1982  42   6500.0  12.8  18.9   -99.9 -99.9   0.0
   1 1982  43   7400.0  10.6  25.0   -99.9 -99.9   0.8
   1 1982  44  13300.0  10.6  25.6   -99.9 -99.9  18.0
   1 1982  45  16100.0   5.6  26.1   -99.9 -99.9   0.0
   1 1982  46   9600.0  13.3  26.7   -99.9 -99.9   0.0
   1 1982  47  10800.0  16.1  27.8   -99.9 -99.9  67.3
   1 1982  48  13400.0  14.4  27.2   -99.9 -99.9  10.9
   1 1982  49  17000.0  11.1  26.1   -99.9 -99.9   0.0
   1 1982  50  15500.0  12.2  25.6   -99.9 -99.9   0.0
   1 1982  51  16900.0  10.0  25.6   -99.9 -99.9   0.0
   1 1982  52  16600.0   9.4  24.4   -99.9 -99.9   0.0
   1 1982  53  17000.0   7.8  21.1   -99.9 -99.9   0.0
   1 1982  54  17700.0   1.1  23.9   -99.9 -99.9   0.0
   1 1982  55  17500.0   3.3  26.7   -99.9 -99.9   0.0
   1 1982  56  14800.0  10.6  27.2   -99.9 -99.9   0.0
   1 1982  57   3400.0  11.1  26.7   -99.9 -99.9   0.0
   1 1982  58   8900.0   8.9  25.6   -99.9 -99.9   0.0
   1 1982  59   9300.0  15.6  24.4   -99.9 -99.9   0.0
   1 1982  60  10900.0   8.3  17.8   -99.9 -99.9   0.0
   1 1982  61  18400.0   1.7  22.8   -99.9 -99.9   0.0
   1 1982  62  17600.0   6.1  25.0   -99.9 -99.9   0.0
   1 1982  63  16200.0   9.4  28.3   -99.9 -99.9   0.0
   1 1982  64   6300.0  16.1  27.8   -99.9 -99.9   8.4
   1 1982  65  10300.0  16.1  25.0   -99.9 -99.9  35.1
   1 1982  66   9000.0  15.0  24.4   -99.9 -99.9  14.2
   1 1982  67  19800.0   1.1  16.7   -99.9 -99.9   0.0
   1 1982  68  19600.0   3.9  21.7   -99.9 -99.9   0.0
   1 1982  69  16100.0  10.6  25.6   -99.9 -99.9   0.0
   1 1982  70  17700.0   9.4  27.8   -99.9 -99.9   0.0
   1 1982  71  20000.0  11.1  28.9   -99.9 -99.9   0.0
   1 1982  72  19000.0  10.0  30.6   -99.9 -99.9   0.0
   1 1982  73  18400.0  15.6  31.7   -99.9 -99.9   0.0
   1 1982  74  17500.0  16.7  30.0   -99.9 -99.9   0.0
   1 1982  75  15900.0  16.1  30.0   -99.9 -99.9   0.0
   1 1982  76  19500.0  15.6  30.6   -99.9 -99.9   0.0
   1 1982  77  17400.0  17.2  31.7   -99.9 -99.9   0.0
   1 1982  78  16700.0  18.3  30.6   -99.9 -99.9   1.8
   1 1982  79  17400.0  18.9  30.6   -99.9 -99.9   0.0
   1 1982  80  13600.0  15.6  30.0   -99.9 -99.9   0.0
   1 1982  81  10000.0  17.2  28.3   -99.9 -99.9   0.3
   1 1982  82  13200.0  16.1  26.1   -99.9 -99.9   9.4
   1 1982  83   4300.0  16.1  26.1   -99.9 -99.9   4.3
   1 1982  84  17000.0  16.1  27.8   -99.9 -99.9  26.2
   1 1982  85  18800.0  14.4  26.7   -99.9 -99.9   2.8
   1 1982  86  12900.0   5.6  22.2   -99.9 -99.9   0.0
   1 1982  87   3800.0   8.9  15.6   -99.9 -99.9   9.7
   1 1982  88   9900.0  10.0  21.1   -99.9 -99.9  25.7
   1 1982  89  21500.0  13.3  26.1   -99.9 -99.9   0.0
   1 1982  90  16100.0  14.4  26.7   -99.9 -99.9   0.0
   1 1982  91  21000.0  12.8  30.6   -99.9 -99.9   0.0
   1 1982  92  22100.0  14.4  29.4   -99.9 -99.9   0.0
   1 1982  93  11400.0  17.8  28.9   -99.9 -99.9   0.0
   1 1982  94  23800.0   9.4  28.3   -99.9 -99.9   0.0
   1 1982  95  18900.0  11.1  29.4   -99.9 -99.9   0.0
   1 1982  96  24100.0  17.2  25.6   -99.9 -99.9   0.0
   1 1982  97  25100.0   6.7  22.2   -99.9 -99.9   0.0
   1 1982  98    800.0  11.1  21.1   -99.9 -99.9  48.0
   1 1982  99   8800.0  17.2  23.3   -99.9 -99.9  98.8
   1 1982 100   3800.0  10.6  23.9   -99.9 -99.9   3.6
   1 1982 101  23000.0   8.9  20.6   -99.9 -99.9  42.7
   1 1982 102  25400.0   6.1  25.0   -99.9 -99.9   0.0
   1 1982 103  21600.0  11.7  28.3   -99.9 -99.9   0.0
   1 1982 104  21600.0  15.0  27.2   -99.9 -99.9   0.0
   1 1982 105  16600.0  15.0  28.3   -99.9 -99.9   0.0
   1 1982 106  20700.0  17.8  30.6   -99.9 -99.9   0.0
   1 1982 107  21000.0  19.4  31.1   -99.9 -99.9   0.5
   1 1982 108  18900.0  18.9  30.0   -99.9 -99.9   0.5
   1 1982 109  21600.0  15.0  30.0   -99.9 -99.9   0.0
   1 1982 110  20700.0  18.9  31.1   -99.9 -99.9   0.0
   1 1982 111  24300.0  17.2  32.2   -99.9 -99.9   0.0
   1 1982 112  23700.0  17.8  31.7   -99.9 -99.9   0.0
   1 1982 113   8600.0  15.6  31.1   -99.9 -99.9   0.0
   1 1982 114   7500.0  13.9  22.2   -99.9 -99.9   0.0
   1 1982 115   7700.0  16.7  25.6   -99.9 -99.9   4.3
   1 1982 116  10700.0  19.4  25.6   -99.9 -99.9  23.1
   1 1982 117  23400.0  15.6  29.4   -99.9 -99.9   0.3
   1 1982 118  23700.0  13.3  28.9   -99.9 -99.9   0.0
   1 1982 119  18500.0  14.4  27.2   -99.9 -99.9   0.0
   1 1982 120  20700.0  15.6  26.7   -99.9 -99.9   0.0
   1 1982 121  18200.0  15.6  26.7   -99.9 -99.9   0.0
   1 1982 122  19900.0  15.0  27.8   -99.9 -99.9   0.0
   1 1982 123  21800.0  15.0  28.9   -99.9 -99.9   0.0
   1 1982 124  23600.0  12.8  28.9   -99.9 -99.9   0.0
   1 1982 125  24400.0  14.4  28.3   -99.9 -99.9   0.0
   1 1982 126  21700.0  12.2  27.8   -99.9 -99.9   0.0
   1 1982 127  23600.0  11.7  28.9   -99.9 -99.9   0.0
   1 1982 128  18200.0  17.8  29.4   -99.9 -99.9   1.0
   1 1982 129  26300.0  15.0  29.4   -99.9 -99.9   0.0
   1 1982 130  26300.0  13.3  29.4   -99.9 -99.9   0.0
   1 1982 131  24900.0  11.1  30.0   -99.9 -99.9   0.0
   1 1982 132  23500.0  13.3  31.1   -99.9 -99.9   0.0
   1 1982 133  24200.0  13.3  30.6   -99.9 -99.9   0.0
   1 1982 134  26700.0  12.8  31.1   -99.9 -99.9   0.0
   1 1982 135  23900.0  15.6  32.2   -99.9 -99.9   0.0
   1 1982 136  22800.0  15.6  33.3   -99.9 -99.9   0.0
   1 1982 137  22700.0  15.6  32.8   -99.9 -99.9   0.0
   1 1982 138  21500.0  16.7  31.1   -99.9 -99.9   0.0
   1 1982 139  22400.0  16.7  30.6   -99.9 -99.9   0.0
   1 1982 140  22500.0  16.1  31.7   -99.9 -99.9   0.0
   1 1982 141  22600.0  16.1  32.2   -99.9 -99.9   0.0
   1 1982 142  17400.0  16.7  32.8   -99.9 -99.9   2.0
   1 1982 143  13200.0  20.0  33.3   -99.9 -99.9  35.1
   1 1982 144  21500.0  18.9  32.8   -99.9 -99.9   3.6
   1 1982 145  20300.0  20.0  32.8   -99.9 -99.9   2.5
   1 1982 146  15000.0  20.6  31.7   -99.9 -99.9   1.0
   1 1982 147  18200.0  21.1  32.2   -99.9 -99.9   0.0
   1 1982 148  22100.0  20.6  33.3   -99.9 -99.9   4.3
   1 1982 149  19300.0  22.2  34.4   -99.9 -99.9   0.0
   1 1982 150   7000.0  22.8  32.2   -99.9 -99.9   5.6
   1 1982 151  11800.0  20.6  30.0   -99.9 -99.9  23.9
   1 1982 152  20000.0  21.1  31.1   -99.9 -99.9  15.2
   1 1982 153  24900.0  20.0  33.3   -99.9 -99.9   0.0
   1 1982 154  15800.0  22.8  33.3   -99.9 -99.9   1.8
   1 1982 155  21600.0  22.2  33.3   -99.9 -99.9   0.0
   1 1982 156  23800.0  18.3  33.9   -99.9 -99.9   0.0
   1 1982 157  26500.0  18.3  34.4   -99.9 -99.9   0.0
   1 1982 158  26900.0  18.3  33.9   -99.9 -99.9   0.0
   1 1982 159  26300.0  17.2  34.4   -99.9 -99.9   0.0
   1 1982 160  24400.0  19.4  34.4   -99.9 -99.9   0.0
   1 1982 161  25500.0  21.1  34.4   -99.9 -99.9   0.0
   1 1982 162  23600.0  19.4  35.0   -99.9 -99.9   0.0
   1 1982 163  15200.0  20.0  31.1   -99.9 -99.9  50.8
   1 1982 164  21100.0  21.1  33.3   -99.9 -99.9   0.0
   1 1982 165  25500.0  18.3  33.3   -99.9 -99.9   0.0
   1 1982 166  23200.0  20.6  33.9   -99.9 -99.9   0.0
   1 1982 167  25500.0  22.2  33.9   -99.9 -99.9   0.0
   1 1982 168   6000.0  21.1  31.1   -99.9 -99.9   8.1
   1 1982 169  13500.0  21.1  27.8   -99.9 -99.9  70.1
   1 1982 170  24300.0  20.0  33.3   -99.9 -99.9   0.0
   1 1982 171  25900.0  21.1  33.9   -99.9 -99.9   0.0
   1 1982 172  20900.0  20.0  32.8   -99.9 -99.9   3.3
   1 1982 173  18500.0  23.3  28.3   -99.9 -99.9   2.0
   1 1982 174  11700.0  21.7  27.8   -99.9 -99.9  26.9
   1 1982 175  18600.0  22.2  30.6   -99.9 -99.9   6.4
   1 1982 176  22900.0  19.4  32.2   -99.9 -99.9  10.9
   1 1982 177  10500.0  21.7  31.7   -99.9 -99.9  23.4
   1 1982 178  24600.0  21.1  32.2   -99.9 -99.9   1.8
   1 1982 179  24600.0  21.7  32.8   -99.9 -99.9   0.0
   1 1982 180  24800.0  22.2  33.3   -99.9 -99.9   0.0
   1 1982 181  16000.0  22.8  32.8   -99.9 -99.9   1.3
   1 1982 182  23700.0  22.2  33.9   -99.9 -99.9   0.0
   1 1982 183  18700.0  23.9  33.9   -99.9 -99.9   0.0
   1 1982 184  24600.0  21.1  35.0   -99.9 -99.9   0.0
   1 1982 185  21100.0  22.2  35.0   -99.9 -99.9   0.0
   1 1982 186  23700.0  21.1  34.4   -99.9 -99.9   0.0
   1 1982 187  19000.0  20.6  32.2   -99.9 -99.9   4.1
   1 1982 188  16000.0  21.1  31.7   -99.9 -99.9   4.8
   1 1982 189  19800.0  21.1  32.2   -99.9 -99.9   1.3
   1 1982 190  13700.0  22.2  32.2   -99.9 -99.9   7.1
   1 1982 191  17400.0  21.7  32.8   -99.9 -99.9   1.3
   1 1982 192  18300.0  21.1  32.8   -99.9 -99.9   0.0
   1 1982 193  21000.0  21.1  32.8   -99.9 -99.9   2.3
   1 1982 194  23200.0  22.2  33.9   -99.9 -99.9   0.0
   1 1982 195  25400.0  22.2  34.4   -99.9 -99.9   0.0
   1 1982 196  18300.0  23.3  33.9   -99.9 -99.9  55.9
   1 1982 197  14900.0  22.8  32.8   -99.9 -99.9   1.0
   1 1982 198  13600.0  22.8  31.1   -99.9 -99.9   0.0
   1 1982 199  14300.0  22.8  32.2   -99.9 -99.9   2.5
   1 1982 200  17000.0  22.2  32.2   -99.9 -99.9  30.0
   1 1982 201  10900.0  21.7  31.1   -99.9 -99.9  20.8
   1 1982 202  13200.0  21.1  31.1   -99.9 -99.9   1.5
   1 1982 203  17900.0  22.2  31.1   -99.9 -99.9   0.3
   1 1982 204  16100.0  22.8  32.8   -99.9 -99.9  16.0
   1 1982 205  18400.0  21.7  32.2   -99.9 -99.9   4.1
   1 1982 206  19700.0  21.7  33.3   -99.9 -99.9   0.0
   1 1982 207  19400.0  22.2  33.9   -99.9 -99.9   0.8
   1 1982 208   5200.0  23.3  34.4   -99.9 -99.9  10.7
   1 1982 209   9500.0  22.8  27.8   -99.9 -99.9   7.4
   1 1982 210  14900.0  22.8  31.7   -99.9 -99.9   0.0
   1 1982 211  19400.0  21.7  32.8   -99.9 -99.9   0.0
   1 1982 212  20100.0  21.1  33.9   -99.9 -99.9   0.0
   1 1982 213  23500.0  23.3  33.9   -99.9 -99.9   0.0
   1 1982 214   9600.0  22.8  32.8   -99.9 -99.9  13.0
   1 1982 215  22500.0  22.8  32.2   -99.9 -99.9  20.1
   1 1982 216  21000.0  20.6  32.2   -99.9 -99.9   0.0
   1 1982 217  14700.0  21.7  32.2   -99.9 -99.9   0.0
   1 1982 218  18500.0  21.1  32.2   -99.9 -99.9   4.1
   1 1982 219  23000.0  21.7  33.9   -99.9 -99.9   0.3
   1 1982 220  21000.0  26.1  33.9   -99.9 -99.9   0.0
   1 1982 221  17100.0  22.8  32.8   -99.9 -99.9   1.3
   1 1982 222  16600.0  23.3  33.3   -99.9 -99.9   0.0
   1 1982 223  25600.0  18.9  33.3   -99.9 -99.9   0.0
   1 1982 224  19000.0  20.6  33.3   -99.9 -99.9   0.3
   1 1982 225  16100.0  20.6  32.2   -99.9 -99.9   0.8
   1 1982 226  16400.0  22.2  31.7   -99.9 -99.9   0.0
   1 1982 227  20300.0  20.6  35.0   -99.9 -99.9   0.8
   1 1982 228  20300.0  21.1  33.9   -99.9 -99.9   0.0
   1 1982 229  19000.0  22.2  32.2   -99.9 -99.9  13.7
   1 1982 230  16600.0  20.6  26.7   -99.9 -99.9   3.3
   1 1982 231   7900.0  21.7  28.3   -99.9 -99.9  20.3
   1 1982 232  20400.0  21.1  32.2   -99.9 -99.9   0.0
   1 1982 233  11800.0  21.7  32.2   -99.9 -99.9   5.1
   1 1982 234  16600.0  22.2  32.2   -99.9 -99.9   1.3
   1 1982 235  15200.0  22.2  31.7   -99.9 -99.9  64.5
   1 1982 236  18900.0  22.8  33.3   -99.9 -99.9   1.3
   1 1982 237  18800.0  22.2  33.3   -99.9 -99.9   0.0
   1 1982 238  21400.0  23.9  35.6   -99.9 -99.9   0.0
   1 1982 239  11000.0  22.8  35.6   -99.9 -99.9   3.6
   1 1982 240  18600.0  22.2  35.0   -99.9 -99.9   0.0
   1 1982 241  15800.0  22.2  35.0   -99.9 -99.9   3.6
   1 1982 242  22500.0  21.1  31.1   -99.9 -99.9   0.0
   1 1982 243  21100.0  20.6  32.2   -99.9 -99.9   0.0
   1 1982 244  13200.0  20.6  32.2   -99.9 -99.9   0.0
   1 1982 245  15600.0  18.3  33.3   -99.9 -99.9   0.0
   1 1982 246  16900.0  22.2  34.4   -99.9 -99.9   0.0
   1 1982 247  17000.0  22.2  34.4   -99.9 -99.9   0.0
   1 1982 248  12200.0  21.7  33.9   -99.9 -99.9  11.9
   1 1982 249   9000.0  21.1  34.4   -99.9 -99.9   2.0
   1 1982 250  11100.0  20.0  30.0   -99.9 -99.9   0.0
   1 1982 251   9600.0  20.6  30.6   -99.9 -99.9  19.0
   1 1982 252   7100.0  21.1  30.0   -99.9 -99.9  39.9
   1 1982 253   5500.0  21.1  30.0   -99.9 -99.9  24.1
   1 1982 254  13400.0  21.7  32.8   -99.9 -99.9   7.6
   1 1982 255  14600.0  22.8  33.3   -99.9 -99.9   0.0
   1 1982 256  14500.0  22.8  33.3   -99.9 -99.9   2.5
   1 1982 257  12300.0  22.2  32.8   -99.9 -99.9   1.8
   1 1982 258  13000.0  19.4  32.2   -99.9 -99.9   0.0
   1 1982 259  12600.0  21.7  32.8   -99.9 -99.9   0.0
   1 1982 260  13900.0  21.7  32.8   -99.9 -99.9   0.0
   1 1982 261  12200.0  21.1  32.8   -99.9 -99.9   0.0
   1 1982 262  12200.0  21.1  32.8   -99.9 -99.9  15.7
   1 1982 263  11100.0  21.1  31.7   -99.9 -99.9   7.4
   1 1982 264   5200.0  21.1  29.4   -99.9 -99.9  12.7
   1 1982 265  11400.0  19.4  27.8   -99.9 -99.9   0.0
   1 1982 266   8900.0  15.0  27.2   -99.9 -99.9   0.0
   1 1982 267  11200.0  17.8  30.0   -99.9 -99.9   0.0
   1 1982 268   5000.0  20.0  28.9   -99.9 -99.9   8.9
   1 1982 269   7600.0  16.7  25.0   -99.9 -99.9  24.1
   1 1982 270  15600.0  14.4  28.9   -99.9 -99.9   0.0
   1 1982 271  13900.0  16.7  29.4   -99.9 -99.9   0.0
   1 1982 272  12100.0  18.3  29.4   -99.9 -99.9   0.0
   1 1982 273   6700.0  21.1  28.9   -99.9 -99.9   2.5
   1 1982 274   8000.0  21.7  26.7   -99.9 -99.9   0.0
   1 1982 275  10000.0  19.4  28.3   -99.9 -99.9   0.0
   1 1982 276  19000.0  18.3  30.0   -99.9 -99.9   0.0
   1 1982 277  16000.0  20.6  31.7   -99.9 -99.9   0.0
   1 1982 278   9000.0  22.8  31.1   -99.9 -99.9   0.0
   1 1982 279  16000.0  21.7  31.1   -99.9 -99.9  13.0
   1 1982 280  13000.0  21.1  30.0   -99.9 -99.9   0.0
   1 1982 281  17000.0  17.2  31.7   -99.9 -99.9   0.0
   1 1982 282  15000.0  18.9  31.7   -99.9 -99.9   0.0
   1 1982 283  15000.0  20.0  32.8   -99.9 -99.9   0.0
   1 1982 284  13000.0  21.7  32.2   -99.9 -99.9   0.0
   1 1982 285  11000.0  21.7  29.4   -99.9 -99.9   0.0
   1 1982 286  14000.0  18.9  30.6   -99.9 -99.9   0.0
   1 1982 287  10000.0  16.7  28.9   -99.9 -99.9   0.0
   1 1982 288  15000.0  11.7  27.8   -99.9 -99.9   0.0
   1 1982 289   9000.0  10.0  26.1   -99.9 -99.9   0.0
   1 1982 290  14000.0  13.3  26.7   -99.9 -99.9   0.0
   1 1982 291   6000.0  15.0  25.6   -99.9 -99.9   0.0
   1 1982 292  14000.0  16.1  28.3   -99.9 -99.9   0.0
   1 1982 293  13000.0  16.7  30.0   -99.9 -99.9   0.0
   1 1982 294  14000.0  15.0  30.0   -99.9 -99.9   0.0
   1 1982 295  11000.0  16.1  29.4   -99.9 -99.9   0.0
   1 1982 296   2000.0  14.4  27.8   -99.9 -99.9  16.5
   1 1982 297  14000.0   8.9  18.9   -99.9 -99.9   1.3
   1 1982 298  16000.0   5.6  20.6   -99.9 -99.9   0.0
   1 1982 299  15000.0   6.1  22.8   -99.9 -99.9   0.0
   1 1982 300  15000.0   7.2  23.9   -99.9 -99.9   0.0
   1 1982 301  14000.0  11.7  25.6   -99.9 -99.9   0.0
   1 1982 302  14000.0  13.3  27.8   -99.9 -99.9   0.0
   1 1982 303   9000.0  16.1  27.8   -99.9 -99.9   0.0
   1 1982 304   7000.0  18.9  27.8   -99.9 -99.9   0.0
   1 1982 305  11000.0  20.0  29.4   -99.9 -99.9   0.3
   1 1982 306   9000.0  20.6  29.4   -99.9 -99.9   0.0
   1 1982 307   9000.0  19.4  28.9   -99.9 -99.9  21.6
   1 1982 308   9000.0  17.8  26.7   -99.9 -99.9  16.5
   1 1982 309  10000.0   7.2  18.3   -99.9 -99.9   0.0
   1 1982 310  12000.0   2.2  18.9   -99.9 -99.9   0.0
   1 1982 311  12000.0   7.8  21.1   -99.9 -99.9   0.0
   1 1982 312  13000.0  12.8  24.4   -99.9 -99.9   0.0
   1 1982 313  11000.0  12.8  25.0   -99.9 -99.9   0.0
   1 1982 314  12000.0  10.6  25.6   -99.9 -99.9   0.0
   1 1982 315   8000.0  15.6  26.7   -99.9 -99.9   0.0
   1 1982 316   7000.0  14.4  27.8   -99.9 -99.9   0.0
   1 1982 317  11000.0  13.3  31.1   -99.9 -99.9   3.6
   1 1982 318  12000.0   6.7  25.0   -99.9 -99.9   0.0
   1 1982 319  10000.0  15.0  23.9   -99.9 -99.9   0.0
   1 1982 320  11000.0   9.4  23.9   -99.9 -99.9   0.0
   1 1982 321  13000.0  15.6  26.7   -99.9 -99.9   0.0
   1 1982 322  13000.0  17.8  28.3   -99.9 -99.9   0.0
   1 1982 323  11000.0  17.8  26.7   -99.9 -99.9   0.0
   1 1982 324  12000.0  17.2  25.6   -99.9 -99.9   0.0
   1 1982 325  14000.0  17.2  27.2   -99.9 -99.9   0.0
   1 1982 326  13000.0  18.3  26.1   -99.9 -99.9   0.0
   1 1982 327  13000.0  14.4  27.2   -99.9 -99.9   0.0
   1 1982 328  13000.0  12.2  27.8   -99.9 -99.9   0.0
   1 1982 329  15000.0  12.8  27.2   -99.9 -99.9   0.0
   1 1982 330  12000.0  15.6  26.7   -99.9 -99.9   0.0
   1 1982 331   3000.0  15.6  27.8   -99.9 -99.9   0.0
   1 1982 332  10000.0  15.6  28.9   -99.9 -99.9   0.0
   1 1982 333  10000.0  18.9  27.2   -99.9 -99.9   0.0
   1 1982 334   9000.0  19.4  29.4   -99.9 -99.9   0.0
   1 1982 335   8000.0  20.6  28.9   -99.9 -99.9   0.0
   1 1982 336  10000.0  21.1  29.4   -99.9 -99.9   0.0
   1 1982 337  11000.0  18.9  29.4   -99.9 -99.9   0.0
   1 1982 338  11000.0  18.3  28.9   -99.9 -99.9   0.0
   1 1982 339   8000.0  17.2  28.9   -99.9 -99.9   0.0
   1 1982 340   2000.0  15.6  27.2   -99.9 -99.9   0.0
   1 1982 341   5000.0  14.4  21.7   -99.9 -99.9   0.0
   1 1982 342   2000.0  17.2  20.0   -99.9 -99.9   0.0
   1 1982 343   7000.0  14.4  23.3   -99.9 -99.9   0.0
   1 1982 344   2000.0  15.6  22.2   -99.9 -99.9   3.3
   1 1982 345   5000.0  17.2  26.1   -99.9 -99.9   0.0
   1 1982 346   2000.0  10.0  23.9   -99.9 -99.9  19.0
   1 1982 347  11000.0   2.8  12.8   -99.9 -99.9   0.0
   1 1982 348   6000.0   3.3  18.9   -99.9 -99.9   0.0
   1 1982 349   8000.0  12.8  25.0   -99.9 -99.9   0.0
   1 1982 350   6000.0  15.6  23.9   -99.9 -99.9  13.7
   1 1982 351  11000.0   2.8  20.0   -99.9 -99.9   0.0
   1 1982 352  11000.0  -1.1  15.6   -99.9 -99.9   0.0
   1 1982 353   9000.0  -1.1  20.0   -99.9 -99.9   0.0
   1 1982 354  11000.0   1.1  18.9   -99.9 -99.9   0.0
   1 1982 355  11000.0   0.6  19.4   -99.9 -99.9   0.0
   1 1982 356  11000.0   0.6  19.4   -99.9 -99.9   0.0
   1 1982 357   9000.0   4.4  23.3   -99.9 -99.9   0.0
   1 1982 358   9000.0  13.3  26.7   -99.9 -99.9   0.0
   1 1982 359  11000.0  15.6  27.2   -99.9 -99.9   0.0
   1 1982 360  10000.0  15.6  27.2   -99.9 -99.9   0.0
   1 1982 361   6000.0  16.7  25.0   -99.9 -99.9   0.0
   1 1982 362   8000.0  16.1  26.7   -99.9 -99.9   0.0
   1 1982 363   7000.0  14.4  26.7   -99.9 -99.9   0.0
   1 1982 364   2000.0  13.9  23.3   -99.9 -99.9   0.5
   1 1982 365   2000.0  12.8  16.7   -99.9 -99.9   0.8
