*---------------------------------------------------------*
*   Station: Gainesville,Florida,USA
*   Country: unknown
*      Year: 1983
*
* Longitude:-82.370
*  Latitude: 29.630
* Elevation: 10 m.
*
*    Source: AgMIP database
*    Author: AgMIP translator
*  Comments: automatic generated input file.
*
*  Columns:
*  ========
*  station number
*  year
*  day
*  irradiation (kJ m-2 d-1)
*  minimum temperature (degrees Celsius)
*  maximum temperature (degrees Celsius)
*  vapour pressure (kPa)
*  mean wind speed (m s-1)
*  precipitation (mm d-1)
** WCCDESCRIPTION=Gainesville,Florida,USA
** WCCFORMAT=2
** WCCYEARNR=1983
*---------------------------------------------------------*
   -82.370 29.630 10 0.00 0.00
   1 1983   1   2800.0  11.7  15.6   -99.9 -99.9   0.0
   1 1983   2   2900.0  14.4  23.9   -99.9 -99.9   0.8
   1 1983   3   6400.0  12.8  22.2   -99.9 -99.9   0.0
   1 1983   4   8500.0   6.1  15.6   -99.9 -99.9   0.0
   1 1983   5   2800.0   8.9  12.8   -99.9 -99.9   0.0
   1 1983   6   8100.0   4.4  15.6   -99.9 -99.9   0.0
   1 1983   7  10700.0   1.7  20.0   -99.9 -99.9   0.0
   1 1983   8   7200.0   2.8  20.0   -99.9 -99.9   0.0
   1 1983   9   4400.0  12.8  20.6   -99.9 -99.9   3.0
   1 1983  10   2800.0  12.2  21.1   -99.9 -99.9   0.0
   1 1983  11  10200.0  11.1  18.3   -99.9 -99.9   0.0
   1 1983  12  12800.0   5.0  17.8   -99.9 -99.9   0.0
   1 1983  13  12800.0  -3.9  13.3   -99.9 -99.9   0.0
   1 1983  14  11200.0  -2.8  17.8   -99.9 -99.9   0.0
   1 1983  15  12500.0   1.7  19.4   -99.9 -99.9   0.0
   1 1983  16  12800.0  -2.2  18.3   -99.9 -99.9   0.0
   1 1983  17  13700.0  -4.4  16.1   -99.9 -99.9   0.0
   1 1983  18  14400.0  -2.2  16.1   -99.9 -99.9   0.0
   1 1983  19  12400.0   0.6  15.6   -99.9 -99.9   0.0
   1 1983  20   1600.0   3.9  15.6   -99.9 -99.9  20.8
   1 1983  21   9400.0  14.4  20.6   -99.9 -99.9   4.6
   1 1983  22   9000.0  10.0  20.6   -99.9 -99.9   0.0
   1 1983  23   4600.0  10.6  20.0   -99.9 -99.9   3.3
   1 1983  24  15000.0   1.7  15.6   -99.9 -99.9   0.0
   1 1983  25  13000.0   2.8  16.1   -99.9 -99.9   0.0
   1 1983  26  11300.0   0.0  16.1   -99.9 -99.9   0.0
   1 1983  27   6200.0   5.6  18.3   -99.9 -99.9  24.1
   1 1983  28  14100.0   7.8  18.3   -99.9 -99.9   0.0
   1 1983  29  15000.0   2.8  20.6   -99.9 -99.9   0.0
   1 1983  30  11900.0  10.0  25.6   -99.9 -99.9   0.8
   1 1983  31  12500.0  11.7  25.0   -99.9 -99.9   0.3
   1 1983  32  13500.0  12.2  26.7   -99.9 -99.9   0.0
   1 1983  33  10200.0  13.3  25.6   -99.9 -99.9  28.2
   1 1983  34  16600.0   8.3  20.6   -99.9 -99.9   0.0
   1 1983  35  16000.0   0.0  15.0   -99.9 -99.9   0.0
   1 1983  36  16200.0   1.7  19.4   -99.9 -99.9   0.0
   1 1983  37   3000.0  11.1  20.6   -99.9 -99.9  19.8
   1 1983  38  14700.0   7.8  19.4   -99.9 -99.9   0.0
   1 1983  39  17900.0  -1.7  15.0   -99.9 -99.9   0.0
   1 1983  40  16800.0  -1.7  18.9   -99.9 -99.9   0.0
   1 1983  41   3100.0   7.2  15.6   -99.9 -99.9   8.4
   1 1983  42   6400.0  10.6  16.7   -99.9 -99.9   0.5
   1 1983  43   4400.0   6.7  15.6   -99.9 -99.9   0.0
   1 1983  44   1500.0   7.2  12.8   -99.9 -99.9  45.0
   1 1983  45  10400.0   2.2  16.7   -99.9 -99.9   4.8
   1 1983  46  18000.0   2.8  20.0   -99.9 -99.9   0.0
   1 1983  47   3500.0   7.8  19.4   -99.9 -99.9   2.5
   1 1983  48   7800.0  12.8  18.3   -99.9 -99.9  12.4
   1 1983  49  18400.0   4.4  23.3   -99.9 -99.9   0.5
   1 1983  50  15000.0   3.9  25.6   -99.9 -99.9   0.0
   1 1983  51  13900.0  11.1  23.9   -99.9 -99.9   0.0
   1 1983  52   9900.0  10.6  22.2   -99.9 -99.9   0.0
   1 1983  53   6300.0  14.4  22.8   -99.9 -99.9   7.1
   1 1983  54  13600.0   9.4  21.7   -99.9 -99.9   0.0
   1 1983  55  18500.0   5.6  21.7   -99.9 -99.9   0.0
   1 1983  56  19000.0   7.2  21.7   -99.9 -99.9   0.0
   1 1983  57   7400.0   3.3  21.1   -99.9 -99.9   0.0
   1 1983  58   7000.0   3.9  20.0   -99.9 -99.9   0.0
   1 1983  59   6900.0  13.9  22.8   -99.9 -99.9   5.1
   1 1983  60  10200.0  11.1  20.0   -99.9 -99.9   4.1
   1 1983  61  20500.0   5.6  25.0   -99.9 -99.9   0.0
   1 1983  62  16500.0  10.0  26.7   -99.9 -99.9   0.0
   1 1983  63  17900.0  11.1  27.2   -99.9 -99.9   0.0
   1 1983  64  15500.0  15.0  28.3   -99.9 -99.9   0.0
   1 1983  65   7200.0  20.6  29.4   -99.9 -99.9   0.0
   1 1983  66   1600.0  16.7  27.2   -99.9 -99.9  70.9
   1 1983  67  16200.0  13.3  27.8   -99.9 -99.9   0.0
   1 1983  68  21700.0   8.9  26.7   -99.9 -99.9   0.0
   1 1983  69  16500.0   5.0  22.2   -99.9 -99.9   2.3
   1 1983  70  21200.0   1.7  11.7   -99.9 -99.9   0.0
   1 1983  71  22900.0   1.1  17.2   -99.9 -99.9   0.0
   1 1983  72  15800.0   0.6  17.8   -99.9 -99.9   0.0
   1 1983  73  13100.0   3.3  18.9   -99.9 -99.9   0.0
   1 1983  74   3400.0  11.1  18.3   -99.9 -99.9   6.9
   1 1983  75  12000.0  11.7  27.2   -99.9 -99.9   8.9
   1 1983  76  12900.0  15.6  25.0   -99.9 -99.9  27.9
   1 1983  77   8900.0  11.7  20.0   -99.9 -99.9  12.2
   1 1983  78  20400.0   9.4  25.0   -99.9 -99.9   0.0
   1 1983  79   9000.0   9.4  25.0   -99.9 -99.9   0.0
   1 1983  80  22700.0  15.6  22.8   -99.9 -99.9  17.8
   1 1983  81  24000.0   3.3  17.2   -99.9 -99.9   0.0
   1 1983  82  23200.0   2.2  20.0   -99.9 -99.9   0.0
   1 1983  83  12200.0  10.6  21.1   -99.9 -99.9  13.7
   1 1983  84  24600.0   2.2  17.8   -99.9 -99.9   0.0
   1 1983  85  23600.0   1.1  22.8   -99.9 -99.9   0.0
   1 1983  86   3300.0  15.6  22.8   -99.9 -99.9   7.6
   1 1983  87  25000.0  11.7  23.9   -99.9 -99.9   0.3
   1 1983  88  24800.0   5.6  22.2   -99.9 -99.9   0.0
   1 1983  89  20900.0   5.6  23.9   -99.9 -99.9   0.0
   1 1983  90  16400.0  13.9  22.2   -99.9 -99.9   7.6
   1 1983  91  25000.0  15.0  22.8   -99.9 -99.9   0.0
   1 1983  92   8000.0  17.2  21.1   -99.9 -99.9   0.0
   1 1983  93  25600.0  12.8  21.1   -99.9 -99.9   0.0
   1 1983  94  25700.0  17.8  26.7   -99.9 -99.9   0.0
   1 1983  95  23100.0  21.1  30.0   -99.9 -99.9   0.0
   1 1983  96  17800.0  20.6  29.4   -99.9 -99.9   0.0
   1 1983  97  10600.0  22.2  23.3   -99.9 -99.9  12.2
   1 1983  98   7700.0  24.4  26.7   -99.9 -99.9  13.7
   1 1983  99   3400.0  21.7  22.8   -99.9 -99.9  26.4
   1 1983 100  25700.0  12.8  22.8   -99.9 -99.9   1.0
   1 1983 101  26100.0   8.3  25.6   -99.9 -99.9   0.0
   1 1983 102  26300.0   9.4  27.8   -99.9 -99.9   0.0
   1 1983 103  26200.0  10.0  27.8   -99.9 -99.9   0.0
   1 1983 104  14600.0  15.0  27.2   -99.9 -99.9   0.0
   1 1983 105   6600.0  17.2  25.6   -99.9 -99.9  33.3
   1 1983 106  27600.0   7.8  22.2   -99.9 -99.9   0.0
   1 1983 107  27100.0   4.4  22.2   -99.9 -99.9   0.0
   1 1983 108  14100.0   5.6  22.2   -99.9 -99.9   0.5
   1 1983 109  27300.0   6.1  18.3   -99.9 -99.9  22.4
   1 1983 110  18600.0   6.7  19.4   -99.9 -99.9   0.0
   1 1983 111  27300.0   6.1  23.9   -99.9 -99.9   0.0
   1 1983 112  25800.0   8.9  28.9   -99.9 -99.9   0.0
   1 1983 113   9800.0  10.0  29.4   -99.9 -99.9  74.9
   1 1983 114  23500.0   6.1  25.6   -99.9 -99.9   0.0
   1 1983 115  28000.0   8.9  22.2   -99.9 -99.9   0.0
   1 1983 116  27800.0   7.2  26.1   -99.9 -99.9   0.0
   1 1983 117  27400.0   8.3  27.2   -99.9 -99.9   0.0
   1 1983 118  26900.0  10.0  27.8   -99.9 -99.9   0.0
   1 1983 119  24300.0  12.2  28.3   -99.9 -99.9   0.0
   1 1983 120  25900.0  12.8  29.4   -99.9 -99.9   0.0
   1 1983 121  26600.0  16.7  30.6   -99.9 -99.9   0.0
   1 1983 122  22600.0  15.6  31.1   -99.9 -99.9   0.0
   1 1983 123  24800.0  16.7  30.6   -99.9 -99.9   0.0
   1 1983 124  16700.0  13.9  29.4   -99.9 -99.9  25.4
   1 1983 125  28500.0  10.6  26.1   -99.9 -99.9   0.0
   1 1983 126  27800.0  11.1  29.4   -99.9 -99.9   0.0
   1 1983 127  28200.0  12.2  30.0   -99.9 -99.9   0.0
   1 1983 128  21900.0  12.8  29.4   -99.9 -99.9   0.0
   1 1983 129  24500.0  15.0  29.4   -99.9 -99.9   0.0
   1 1983 130  21900.0  14.4  30.0   -99.9 -99.9   0.0
   1 1983 131  21700.0  18.3  30.0   -99.9 -99.9   0.0
   1 1983 132  22600.0  17.2  30.0   -99.9 -99.9   1.0
   1 1983 133  26600.0  16.7  30.6   -99.9 -99.9   0.0
   1 1983 134  28600.0  15.0  30.0   -99.9 -99.9   0.0
   1 1983 135  23600.0  17.2  31.7   -99.9 -99.9   0.0
   1 1983 136  10700.0  17.8  30.0   -99.9 -99.9   0.0
   1 1983 137  25700.0  19.4  28.3   -99.9 -99.9  71.4
   1 1983 138  20800.0  18.9  30.0   -99.9 -99.9   0.0
   1 1983 139  18100.0  20.6  30.6   -99.9 -99.9   0.0
   1 1983 140  24700.0  20.0  32.2   -99.9 -99.9   0.0
   1 1983 141  22900.0  22.2  32.2   -99.9 -99.9   0.0
   1 1983 142  26300.0  19.4  32.8   -99.9 -99.9   0.0
   1 1983 143  20800.0  17.2  31.7   -99.9 -99.9   0.0
   1 1983 144  27200.0  21.7  32.8   -99.9 -99.9   0.0
   1 1983 145  24700.0  17.2  32.2   -99.9 -99.9   0.0
   1 1983 146  28000.0  16.1  31.1   -99.9 -99.9   0.0
   1 1983 147  27200.0  16.7  32.8   -99.9 -99.9   0.0
   1 1983 148  25100.0  17.8  33.3   -99.9 -99.9   0.0
   1 1983 149  20900.0  20.0  32.8   -99.9 -99.9   6.6
   1 1983 150   8000.0  19.4  31.1   -99.9 -99.9   2.3
   1 1983 151  17100.0  17.8  30.0   -99.9 -99.9   0.0
   1 1983 152  25300.0  18.3  32.2   -99.9 -99.9   0.0
   1 1983 153  21200.0  20.0  31.7   -99.9 -99.9   0.0
   1 1983 154  23100.0  22.2  35.0   -99.9 -99.9   0.0
   1 1983 155  24700.0  20.6  33.9   -99.9 -99.9  10.7
   1 1983 156  15900.0  20.6  31.7   -99.9 -99.9  15.2
   1 1983 157  15400.0  21.7  29.4   -99.9 -99.9  16.3
   1 1983 158  13400.0  22.2  31.1   -99.9 -99.9  19.0
   1 1983 159  14000.0  20.6  30.6   -99.9 -99.9  53.3
   1 1983 160  23100.0  19.4  30.0   -99.9 -99.9   0.0
   1 1983 161  25300.0  18.9  30.0   -99.9 -99.9   0.0
   1 1983 162  22800.0  19.4  30.6   -99.9 -99.9   0.0
   1 1983 163  20300.0  21.1  29.4   -99.9 -99.9   1.3
   1 1983 164  15100.0  20.6  30.6   -99.9 -99.9   6.6
   1 1983 165  21600.0  20.0  30.6   -99.9 -99.9   0.0
   1 1983 166  23300.0  19.4  31.1   -99.9 -99.9   0.0
   1 1983 167  26700.0  18.3  32.2   -99.9 -99.9   0.0
   1 1983 168  21600.0  20.6  32.2   -99.9 -99.9   0.0
   1 1983 169  23600.0  20.0  32.2   -99.9 -99.9   0.0
   1 1983 170  27500.0  20.0  32.8   -99.9 -99.9   0.0
   1 1983 171  18500.0  18.9  32.2   -99.9 -99.9   0.0
   1 1983 172  12100.0  23.9  32.8   -99.9 -99.9   1.5
   1 1983 173  17800.0  22.8  32.8   -99.9 -99.9   1.8
   1 1983 174  13500.0  22.2  31.7   -99.9 -99.9   1.3
   1 1983 175  12900.0  22.2  30.6   -99.9 -99.9  19.8
   1 1983 176  23000.0  21.1  33.3   -99.9 -99.9   2.3
   1 1983 177  25400.0  20.6  32.8   -99.9 -99.9  80.8
   1 1983 178  22900.0  22.8  31.7   -99.9 -99.9   0.0
   1 1983 179  20400.0  21.7  32.2   -99.9 -99.9   0.0
   1 1983 180  18500.0  22.2  32.2   -99.9 -99.9  10.9
   1 1983 181  20100.0  21.7  32.8   -99.9 -99.9  14.2
   1 1983 182  21800.0  21.1  32.8   -99.9 -99.9   0.8
   1 1983 183  16500.0  21.1  33.9   -99.9 -99.9   0.0
   1 1983 184   3900.0  21.1  34.4   -99.9 -99.9   1.3
   1 1983 185  14900.0  22.2  35.0   -99.9 -99.9  15.5
   1 1983 186  23000.0  21.7  33.9   -99.9 -99.9   1.0
   1 1983 187  15100.0  22.2  31.1   -99.9 -99.9  11.7
   1 1983 188  12400.0  21.7  31.7   -99.9 -99.9   0.0
   1 1983 189  16400.0  22.2  30.0   -99.9 -99.9  10.4
   1 1983 190  22500.0  21.7  32.8   -99.9 -99.9   0.0
   1 1983 191  24900.0  18.9  33.3   -99.9 -99.9   0.0
   1 1983 192  25600.0  20.6  34.4   -99.9 -99.9   0.0
   1 1983 193  20500.0  21.1  35.0   -99.9 -99.9   0.0
   1 1983 194  14200.0  21.7  33.9   -99.9 -99.9  16.8
   1 1983 195  23400.0  22.2  33.3   -99.9 -99.9   2.8
   1 1983 196  25300.0  23.3  33.9   -99.9 -99.9   0.0
   1 1983 197  26800.0  22.2  34.4   -99.9 -99.9   0.0
   1 1983 198  26700.0  22.8  35.0   -99.9 -99.9   0.0
   1 1983 199  23400.0  23.3  35.6   -99.9 -99.9   0.0
   1 1983 200  23500.0  22.8  35.6   -99.9 -99.9   0.0
   1 1983 201  21400.0  22.8  35.0   -99.9 -99.9   1.8
   1 1983 202  24500.0  21.7  35.6   -99.9 -99.9   0.0
   1 1983 203  25500.0  21.7  36.1   -99.9 -99.9   0.0
   1 1983 204   8800.0  23.3  33.3   -99.9 -99.9   2.5
   1 1983 205  24100.0  23.9  35.6   -99.9 -99.9   0.0
   1 1983 206  15800.0  24.4  38.3   -99.9 -99.9  13.0
   1 1983 207  22400.0  24.4  32.8   -99.9 -99.9   0.0
   1 1983 208  21700.0  21.7  33.3   -99.9 -99.9   4.6
   1 1983 209  21800.0  22.2  32.2   -99.9 -99.9   0.0
   1 1983 210  22500.0  22.2  32.8   -99.9 -99.9   1.8
   1 1983 211  10500.0  23.9  30.0   -99.9 -99.9   4.6
   1 1983 212  10500.0  23.9  30.0   -99.9 -99.9   4.6
   1 1983 213  21800.0  23.3  33.3   -99.9 -99.9   4.8
   1 1983 214  21500.0  22.2  33.3   -99.9 -99.9   4.8
   1 1983 215  18200.0  23.3  32.8   -99.9 -99.9   6.6
   1 1983 216  21900.0  22.8  32.8   -99.9 -99.9   1.5
   1 1983 217  20400.0  22.8  33.9   -99.9 -99.9   0.0
   1 1983 218  14900.0  22.2  33.9   -99.9 -99.9  17.3
   1 1983 219  18300.0  22.2  33.9   -99.9 -99.9   1.0
   1 1983 220  15900.0  22.8  31.7   -99.9 -99.9   0.3
   1 1983 221  22400.0  22.2  33.3   -99.9 -99.9   0.0
   1 1983 222  18700.0  22.2  32.8   -99.9 -99.9   0.0
   1 1983 223  14300.0  23.3  31.7   -99.9 -99.9   0.0
   1 1983 224   9500.0  23.3  30.6   -99.9 -99.9   1.5
   1 1983 225  17800.0  22.8  32.2   -99.9 -99.9   0.0
   1 1983 226  14700.0  23.9  32.2   -99.9 -99.9   0.5
   1 1983 227  23800.0  21.1  32.2   -99.9 -99.9   0.0
   1 1983 228  23500.0  21.1  32.2   -99.9 -99.9   0.0
   1 1983 229  17700.0  22.2  32.8   -99.9 -99.9   0.0
   1 1983 230  22600.0  22.2  35.0   -99.9 -99.9   0.0
   1 1983 231  21200.0  21.7  35.0   -99.9 -99.9   0.0
   1 1983 232  21300.0  22.2  36.1   -99.9 -99.9   0.0
   1 1983 233  22000.0  23.3  37.2   -99.9 -99.9   0.0
   1 1983 234  17600.0  23.9  37.2   -99.9 -99.9   0.0
   1 1983 235  24000.0  22.8  35.6   -99.9 -99.9   0.0
   1 1983 236  22400.0  23.3  36.1   -99.9 -99.9   0.0
   1 1983 237  20500.0  23.9  35.6   -99.9 -99.9   0.0
   1 1983 238  24100.0  22.8  35.6   -99.9 -99.9   0.0
   1 1983 239  21300.0  22.8  36.1   -99.9 -99.9   0.0
   1 1983 240  18500.0  22.8  36.1   -99.9 -99.9   0.0
   1 1983 241  18500.0  22.8  35.0   -99.9 -99.9   0.0
   1 1983 242  14100.0  23.3  35.0   -99.9 -99.9   0.0
   1 1983 243  19700.0  21.1  35.6   -99.9 -99.9   3.3
   1 1983 244  14300.0  21.0  35.0   -99.9 -99.9   0.0
   1 1983 245   7400.0  21.0  35.0   -99.9 -99.9  40.4
   1 1983 246  10700.0  21.7  30.6   -99.9 -99.9  20.6
   1 1983 247  22400.0  22.8  34.4   -99.9 -99.9   0.0
   1 1983 248  21800.0  23.9  34.4   -99.9 -99.9   0.0
   1 1983 249  20700.0  21.7  35.6   -99.9 -99.9   0.0
   1 1983 250  21400.0  22.8  35.0   -99.9 -99.9   0.0
   1 1983 251  14000.0  22.2  33.9   -99.9 -99.9   0.0
   1 1983 252  19300.0  22.5  34.0   -99.9 -99.9   0.0
   1 1983 253  21400.0  23.3  34.4   -99.9 -99.9   0.0
   1 1983 254  17600.0  22.8  34.4   -99.9 -99.9   0.0
   1 1983 255  15500.0  23.3  33.9   -99.9 -99.9   0.0
   1 1983 256   1400.0  21.7  31.7   -99.9 -99.9  53.3
   1 1983 257  13300.0  20.6  28.9   -99.9 -99.9  26.7
   1 1983 258  16500.0  20.6  28.9   -99.9 -99.9   0.0
   1 1983 259  18900.0  19.4  31.7   -99.9 -99.9   0.0
   1 1983 260   5000.0  21.7  31.7   -99.9 -99.9   0.0
   1 1983 261  13900.0  20.6  30.6   -99.9 -99.9  78.7
   1 1983 262  13300.0  20.6  30.6   -99.9 -99.9  38.1
   1 1983 263  11500.0  21.1  31.1   -99.9 -99.9   2.8
   1 1983 264  11400.0  20.6  31.1   -99.9 -99.9  10.9
   1 1983 265  20900.0  15.0  25.6   -99.9 -99.9   6.3
   1 1983 266  22400.0  13.9  27.8   -99.9 -99.9   0.0
   1 1983 267  20500.0  16.1  28.3   -99.9 -99.9   0.0
   1 1983 268  10100.0  18.3  26.7   -99.9 -99.9   0.3
   1 1983 269  17500.0  15.6  27.8   -99.9 -99.9   0.0
   1 1983 270  21700.0  15.6  26.7   -99.9 -99.9   0.0
   1 1983 271  19200.0  15.0  27.2   -99.9 -99.9   0.0
   1 1983 272  17600.0  15.6  27.8   -99.9 -99.9   0.0
   1 1983 273  16800.0  14.4  28.3   -99.9 -99.9   0.0
   1 1983 274  19400.0  16.7  30.6   -99.9 -99.9   0.0
   1 1983 275  20000.0  18.3  30.6   -99.9 -99.9   0.0
   1 1983 276  19400.0  18.3  31.7   -99.9 -99.9   0.0
   1 1983 277  19500.0  18.3  32.8   -99.9 -99.9   0.0
   1 1983 278  19600.0  17.2  32.2   -99.9 -99.9   0.0
   1 1983 279  13400.0  20.0  32.2   -99.9 -99.9   0.0
   1 1983 280  15300.0  16.7  31.1   -99.9 -99.9   0.0
   1 1983 281  14200.0  20.6  31.1   -99.9 -99.9   0.0
   1 1983 282  12300.0  20.6  30.6   -99.9 -99.9   7.9
   1 1983 283  14400.0  21.1  29.4   -99.9 -99.9   0.0
   1 1983 284  12500.0  21.7  30.0   -99.9 -99.9   0.0
   1 1983 285  15400.0  20.6  31.1   -99.9 -99.9   0.0
   1 1983 286   7600.0  21.1  31.1   -99.9 -99.9   6.6
   1 1983 287   5300.0  17.2  22.2   -99.9 -99.9   5.1
   1 1983 288   3900.0  17.8  23.9   -99.9 -99.9   3.3
   1 1983 289  14100.0  20.0  29.0   -99.9 -99.9   0.0
   1 1983 290   7800.0  21.1  27.8   -99.9 -99.9   1.5
   1 1983 291  15300.0  20.0  29.4   -99.9 -99.9   0.0
   1 1983 292  13300.0  19.4  28.9   -99.9 -99.9   0.0
   1 1983 293  14900.0  18.9  30.6   -99.9 -99.9   0.0
   1 1983 294   5700.0  21.7  30.6   -99.9 -99.9   0.0
   1 1983 295   5900.0  18.3  23.3   -99.9 -99.9   1.5
   1 1983 296  12200.0  21.1  28.9   -99.9 -99.9   8.6
   1 1983 297  10700.0  19.4  27.8   -99.9 -99.9   0.0
   1 1983 298  18100.0  11.1  24.4   -99.9 -99.9   0.0
   1 1983 299  17200.0  11.7  25.0   -99.9 -99.9   0.0
   1 1983 300  18700.0   9.4  25.0   -99.9 -99.9   0.0
   1 1983 301  17200.0   6.7  26.1   -99.9 -99.9   0.0
   1 1983 302  17100.0  10.0  26.1   -99.9 -99.9   0.0
   1 1983 303  17700.0  10.6  27.8   -99.9 -99.9   0.0
   1 1983 304  11200.0  16.7  26.1   -99.9 -99.9   0.0
   1 1983 305  12800.0  16.7  26.1   -99.9 -99.9   0.0
   1 1983 306  11700.0  16.1  27.2   -99.9 -99.9   0.0
   1 1983 307  13300.0  16.1  27.2   -99.9 -99.9   0.0
   1 1983 308  13000.0  11.1  26.7   -99.9 -99.9   0.0
   1 1983 309   9900.0  16.7  25.6   -99.9 -99.9   9.4
   1 1983 310  16500.0   6.1  22.8   -99.9 -99.9   0.0
   1 1983 311   2200.0  11.7  20.6   -99.9 -99.9   6.9
   1 1983 312   7100.0  16.1  24.4   -99.9 -99.9   7.1
   1 1983 313   5100.0  17.8  23.3   -99.9 -99.9   2.8
   1 1983 314  12500.0  16.1  25.6   -99.9 -99.9   0.0
   1 1983 315  16000.0   6.7  25.0   -99.9 -99.9   0.0
   1 1983 316  15900.0   4.4  16.7   -99.9 -99.9   0.0
   1 1983 317  15700.0   2.2  20.6   -99.9 -99.9   0.0
   1 1983 318  14500.0   5.6  23.9   -99.9 -99.9   0.0
   1 1983 319  11500.0   9.4  25.6   -99.9 -99.9   2.5
   1 1983 320  15900.0  10.0  20.0   -99.9 -99.9   1.5
   1 1983 321  15500.0   0.6  16.7   -99.9 -99.9   0.0
   1 1983 322  14400.0   1.1  20.6   -99.9 -99.9   0.0
   1 1983 323  12600.0   6.7  24.4   -99.9 -99.9   0.0
   1 1983 324    600.0  17.2  23.9   -99.9 -99.9  69.3
   1 1983 325  15100.0   8.9  23.3   -99.9 -99.9   0.0
   1 1983 326  14800.0   7.8  24.4   -99.9 -99.9   0.0
   1 1983 327  13600.0  11.1  27.8   -99.9 -99.9   0.0
   1 1983 328   8000.0  19.4  29.4   -99.9 -99.9   0.5
   1 1983 329  15300.0   6.7  27.8   -99.9 -99.9  11.2
   1 1983 330  11400.0   2.8  22.8   -99.9 -99.9   0.0
   1 1983 331  11800.0  15.0  28.9   -99.9 -99.9   0.0
   1 1983 332   2900.0  18.3  25.6   -99.9 -99.9   1.3
   1 1983 333   9000.0  11.1  20.6   -99.9 -99.9   2.5
   1 1983 334  12000.0   7.8  18.9   -99.9 -99.9   0.0
   1 1983 335  12600.0   6.1  22.8   -99.9 -99.9   0.0
   1 1983 336  10900.0   9.4  25.6   -99.9 -99.9   0.0
   1 1983 337   6900.0  17.2  27.2   -99.9 -99.9   0.0
   1 1983 338   7200.0  21.1  26.7   -99.9 -99.9   8.1
   1 1983 339   7300.0  18.9  27.2   -99.9 -99.9   0.0
   1 1983 340   4300.0  18.9  26.7   -99.9 -99.9   3.8
   1 1983 341  14200.0   3.9  22.2   -99.9 -99.9   0.0
   1 1983 342  14000.0   0.6  17.8   -99.9 -99.9   0.0
   1 1983 343  12800.0   1.7  22.2   -99.9 -99.9   0.0
   1 1983 344  11800.0  11.1  25.6   -99.9 -99.9   0.0
   1 1983 345   8600.0  15.0  26.1   -99.9 -99.9   4.6
   1 1983 346   5100.0  13.9  20.0   -99.9 -99.9  27.7
   1 1983 347   2600.0   7.8  16.7   -99.9 -99.9   0.0
   1 1983 348   4000.0   7.8  21.7   -99.9 -99.9   0.0
   1 1983 349   7900.0  10.6  21.1   -99.9 -99.9  16.0
   1 1983 350  10900.0   3.9  17.8   -99.9 -99.9   0.0
   1 1983 351   3900.0  10.6  16.7   -99.9 -99.9   0.3
   1 1983 352   3800.0  12.2  20.0   -99.9 -99.9   0.0
   1 1983 353   3300.0   8.3  16.7   -99.9 -99.9   0.0
   1 1983 354   3000.0  11.7  16.1   -99.9 -99.9   0.0
   1 1983 355   3100.0  10.0  13.9   -99.9 -99.9   1.5
   1 1983 356   5600.0   8.3  22.2   -99.9 -99.9   0.3
   1 1983 357   5600.0  15.6  21.1   -99.9 -99.9   0.0
   1 1983 358  12100.0   5.0  20.6   -99.9 -99.9   0.0
   1 1983 359  12400.0  -9.4   6.1   -99.9 -99.9   0.0
   1 1983 360  13300.0  -8.9   3.9   -99.9 -99.9   0.0
   1 1983 361   7800.0  -3.3  15.6   -99.9 -99.9   0.0
   1 1983 362   4700.0   8.3  25.0   -99.9 -99.9   1.0
   1 1983 363   1100.0  15.0  23.3   -99.9 -99.9  86.4
   1 1983 364  11600.0  -1.1  15.6   -99.9 -99.9   0.5
   1 1983 365  14400.0  -3.9   8.9   -99.9 -99.9   0.0
